98
99
101
110
111
109
110
112
113
109
110
105
95
95
89
90
92
93
100
103
96
85
81
80
88
94
87
83
86
87
88
91
103
119
123
129
131
137
145
151
155
161
162
157
150
148
136
126
214
205
193
188
186
177
176
168
157
146
134
128
128
121
110
105
103
100
97
91
92
90
95
95
98
99
100
99
100
106
102
103
108
117
118
126
122
121
126
123
122
127
138
131
128
121
111
94
185
186
187
191
197
201
200
201
199
204
204
211
231
245
251
247
245
243
243
238
233
232
218
213
208
207
207
205
199
199
198
204
216
226
234
237
239
243
249
254
260
261
262
259
259
251
228
213
209
206
204
206
208
212
214
214
210
210
211
217
232
245
242
243
235
230
227
227
225
218
209
204
195
189
190
184
191
189
187
186
191
198
204
215
218
223
225
228
230
230
233
238
238
225
201
192
111
111
112
115
114
108
105
106
101
110
114
118
138
155
168
172
165
165
166
164
165
163
160
158
162
169
171
174
175
181
181
182
188
197
205
210
213
219
226
234
239
243
245
242
236
228
217
209
76
68
62
65
60
59
61
59
62
62
63
68
71
78
77
84
92
95
97
99
94
92
91
92
92
88
88
86
85
84
86
90
97
109
113
121
131
139
145
149
149
148
146
148
151
149
135
123
229
226
225
224
215
205
202
200
199
202
212
208
203
197
179
171
168
160
149
143
141
132
109
102
101
99
95
87
84
79
84
91
94
97
99
104
108
111
114
112
116
117
117
113
97
86
97
86
246
243
243
243
241
239
239
239
239
239
239
236
234
228
224
224
219
213
206
203
202
202
200
200
200
196
198
197
202
203
203
203
210
223
232
239
243
245
248
257
259
259
256
259
256
247
236
232
248
246
245
245
246
245
243
241
239
240
240
239
239
238
236
231
224
221
219
216
212
212
213
212
211
211
209
207
206
204
204
210
221
233
244
250
253
258
260
265
267
270
274
273
274
270
261
249
236
235
234
234
234
233
236
236
242
244
248
255
264
268
258
251
243
239
232
231
230
226
226
227
228
232
229
228
230
231
232
233
234
233
234
236
239
242
248
255
257
257
259
264
269
270
264
255
175
175
177
181
182
183
183
181
182
180
184
192
202
207
203
198
195
192
191
188
188
189
188
192
192
193
196
194
195
198
201
200
210
222
227
234
236
241
244
249
253
254
255
260
256
243
241
238
157
155
156
159
163
166
166
167
169
165
176
184
195
201
196
192
184
180
177
175
177
178
176
177
177
178
172
171
173
174
175
180
183
185
188
192
191
196
202
205
210
210
208
205
200
194
185
174
201
203
203
207
205
205
208
208
216
217
229
237
241
249
238
237
231
222
222
224
225
217
209
206
206
202
195
193
195
195
201
205
203
203
204
207
206
208
207
207
208
205
213
211
206
198
167
158
173
170
172
176
178
179
179
180
180
180
193
198
219
228
222
223
220
217
215
211
209
200
193
186
183
178
170
165
165
165
168
173
187
197
206
211
215
223
226
229
230
235
240
228
230
219
201
192
156
156
159
163
160
159
162
164
161
158
157
155
155
159
157
152
150
147
147
145
143
139
138
137
137
137
137
135
135
136
138
144
150
162
170
179
184
188
189
192
194
196
200
200
197
191
183
174
198
195
195
195
195
192
190
190
193
193
194
194
197
198
198
197
193
189
186
179
172
166
161
153
147
142
137
129
126
124
128
136
142
153
162
174
182
186
189
194
197
194
192
188
180
166
156
149
251
247
248
250
246
246
247
247
247
250
261
264
257
253
240
235
231
224
225
219
209
200
190
184
180
176
171
168
169
171
172
180
191
201
213
219
227
232
233
238
241
241
244
242
233
222
214
205
218
218
225
231
230
231
231
232
241
244
247
250
252
246
234
225
218
217
212
206
208
202
194
188
182
181
174
172
175
177
181
191
202
216
227
237
241
250
255
259
261
260
267
265
273
272
257
255
247
246
244
241
237
233
233
230
229
231
232
227
227
226
221
219
210
203
198
195
194
191
191
192
188
184
182
180
180
182
181
183
187
195
199
204
210
213
218
223
226
228
233
241
237
236
227
221
281
281
282
284
284
284
283
283
287
287
297
304
307
308
297
286
277
276
267
254
250
242
233
229
231
229
227
226
218
220
224
229
242
246
246
250
251
253
257
260
262
263
271
270
266
263
256
248
