106
105
108
117
124
128
135
140
146
149
151
161
176
186
193
194
188
184
182
176
178
175
167
165
158
160
160
160
161
162
167
172
181
193
200
208
207
211
213
218
220
222
225
215
206
202
196
183
116
105
109
119
116
112
105
96
96
95
105
111
126
144
152
151
147
144
143
138
137
129
120
116
113
103
100
94
93
87
86
85
90
99
111
115
114
117
126
129
133
134
129
129
127
115
106
105
98
99
101
110
111
109
110
112
113
109
110
105
95
95
89
90
92
93
100
103
96
85
81
80
88
94
87
83
86
87
88
91
103
119
123
129
131
137
145
151
155
161
162
157
150
148
136
126
214
205
193
188
186
177
176
168
157
146
134
128
128
121
110
105
103
100
97
91
92
90
95
95
98
99
100
99
100
106
102
103
108
117
118
126
122
121
126
123
122
127
138
131
128
121
111
94
185
186
187
191
197
201
200
201
199
204
204
211
231
245
251
247
245
243
243
238
233
232
218
213
208
207
207
205
199
199
198
204
216
226
234
237
239
243
249
254
260
261
262
259
259
251
228
213
209
206
204
206
208
212
214
214
210
210
211
217
232
245
242
243
235
230
227
227
225
218
209
204
195
189
190
184
191
189
187
186
191
198
204
215
218
223
225
228
230
230
233
238
238
225
201
192
111
111
112
115
114
108
105
106
101
110
114
118
138
155
168
172
165
165
166
164
165
163
160
158
162
169
171
174
175
181
181
182
188
197
205
210
213
219
226
234
239
243
245
242
236
228
217
209
76
68
62
65
60
59
61
59
62
62
63
68
71
78
77
84
92
95
97
99
94
92
91
92
92
88
88
86
85
84
86
90
97
109
113
121
131
139
145
149
149
148
146
148
151
149
135
123
229
226
225
224
215
205
202
200
199
202
212
208
203
197
179
171
168
160
149
143
141
132
109
102
101
99
95
87
84
79
84
91
94
97
99
104
108
111
114
112
116
117
117
113
97
86
97
86
246
243
243
243
241
239
239
239
239
239
239
236
234
228
224
224
219
213
206
203
202
202
200
200
200
196
198
197
202
203
203
203
210
223
232
239
243
245
248
257
259
259
256
259
256
247
236
232
248
246
245
245
246
245
243
241
239
240
240
239
239
238
236
231
224
221
219
216
212
212
213
212
211
211
209
207
206
204
204
210
221
233
244
250
253
258
260
265
267
270
274
273
274
270
261
249
236
235
234
234
234
233
236
236
242
244
248
255
264
268
258
251
243
239
232
231
230
226
226
227
228
232
229
228
230
231
232
233
234
233
234
236
239
242
248
255
257
257
259
264
269
270
264
255
175
175
177
181
182
183
183
181
182
180
184
192
202
207
203
198
195
192
191
188
188
189
188
192
192
193
196
194
195
198
201
200
210
222
227
234
236
241
244
249
253
254
255
260
256
243
241
238
157
155
156
159
163
166
166
167
169
165
176
184
195
201
196
192
184
180
177
175
177
178
176
177
177
178
172
171
173
174
175
180
183
185
188
192
191
196
202
205
210
210
208
205
200
194
185
174
201
203
203
207
205
205
208
208
216
217
229
237
241
249
238
237
231
222
222
224
225
217
209
206
206
202
195
193
195
195
201
205
203
203
204
207
206
208
207
207
208
205
213
211
206
198
167
158
173
170
172
176
178
179
179
180
180
180
193
198
219
228
222
223
220
217
215
211
209
200
193
186
183
178
170
165
165
165
168
173
187
197
206
211
215
223
226
229
230
235
240
228
230
219
201
192
156
156
159
163
160
159
162
164
161
158
157
155
155
159
157
152
150
147
147
145
143
139
138
137
137
137
137
135
135
136
138
144
150
162
170
179
184
188
189
192
194
196
200
200
197
191
183
174
198
195
195
195
195
192
190
190
193
193
194
194
197
198
198
197
193
189
186
179
172
166
161
153
147
142
137
129
126
124
128
136
142
153
162
174
182
186
189
194
197
194
192
188
180
166
156
149
251
247
248
250
246
246
247
247
247
250
261
264
257
253
240
235
231
224
225
219
209
200
190
184
180
176
171
168
169
171
172
180
191
201
213
219
227
232
233
238
241
241
244
242
233
222
214
205
218
218
225
231
230
231
231
232
241
244
247
250
252
246
234
225
218
217
212
206
208
202
194
188
182
181
174
172
175
177
181
191
202
216
227
237
241
250
255
259
261
260
267
265
273
272
257
255
247
246
244
241
237
233
233
230
229
231
232
227
227
226
221
219
210
203
198
195
194
191
191
192
188
184
182
180
180
182
181
183
187
195
199
204
210
213
218
223
226
228
233
241
237
236
227
221
281
281
282
284
284
284
283
283
287
287
297
304
307
308
297
286
277
276
267
254
250
242
233
229
231
229
227
226
218
220
224
229
242
246
246
250
251
253
257
260
262
263
271
270
266
263
256
248
264
265
262
259
260
265
269
271
271
273
277
284
293
303
299
287
279
278
273
265
253
253
243
233
222
214
212
205
204
214
207
225
238
248
253
266
273
278
286
290
289
295
303
298
294
287
284
284
228
224
223
225
226
227
228
224
220
220
220
219
219
219
219
213
212
210
207
201
197
191
186
178
173
173
173
174
172
177
181
187
196
215
233
253
259
266
272
277
278
287
290
300
303
288
275
271
253
255
250
249
256
257
257
255
254
255
255
253
253
251
250
243
237
228
223
217
208
199
192
180
173
168
162
158
151
147
145
149
155
170
189
208
213
218
224
233
239
234
236
245
245
264
235
240
236
236
243
245
247
247
248
233
234
237
247
250
260
276
279
269
262
252
249
247
246
241
239
237
234
233
230
219
214
207
203
204
202
214
225
234
246
245
250
260
265
265
266
271
276
270
255
263
254
252
250
255
256
253
253
251
250
257
260
267
268
277
286
288
278
269
263
250
241
233
224
220
217
208
211
206
213
214
210
213
218
230
239
245
247
250
252
255
257
260
261
264
263
248
243
240
293
287
285
281
287
288
284
282
280
285
291
302
304
298
297
293
289
279
275
267
261
251
240
233
236
238
244
248
244
248
249
249
250
252
257
259
257
263
269
270
274
273
272
282
278
267
256
257
271
271
269
268
269
258
259
261
262
270
284
295
303
300
303
294
283
273
269
265
259
253
248
243
242
243
246
246
245
247
249
251
255
258
252
252
256
263
268
270
272
274
276
285
290
292
300
301
210
206
202
205
212
208
202
211
214
218
227
236
248
267
278
279
279
275
267
258
256
253
248
245
242
240
238
239
238
236
236
237
242
241
245
239
240
245
252
258
263
271
273
281
285
285
281
278
201
202
203
204
208
204
203
203
199
194
190
185
182
183
189
188
182
179
176
178
176
176
174
173
177
176
176
175
171
173
168
170
172
184
192
202
211
215
224
230
236
233
236
243
241
235
228
218
212
223
222
218
223
224
224
223
223
225
224
225
225
222
223
227
229
228
224
222
218
211
209
211
207
203
201
200
198
195
194
196
197
203
211
212
213
212
216
219
222
219
222
224
224
218
213
205
103
107
109
109
123
126
128
124
131
131
142
140
156
172
193
208
205
204
209
207
201
198
200
197
202
201
201
204
205
205
202
210
213
213
219
217
218
222
225
230
233
231
231
235
233
234
233
219
229
230
225
221
221
217
214
211
203
201
195
188
187
189
198
199
198
193
184
178
169
161
146
134
124
125
124
123
124
126
133
136
134
131
131
133
140
149
153
152
153
154
157
147
138
131
128
109
125
122
119
116
123
119
119
115
115
126
130
139
146
166
186
187
186
184
181
175
176
174
172
170
173
175
181
180
182
185
190
193
201
208
214
219
230
230
236
239
240
247
247
255
257
261
249
239
83
75
70
72
78
77
77
74
74
80
80
84
90
95
110
118
118
117
111
109
104
107
102
97
94
92
94
99
100
102
101
94
91
98
113
121
132
142
148
155
158
154
153
154
151
151
142
135
63
64
69
73
82
81
79
69
67
71
68
69
72
78
73
85
91
79
77
61
59
58
52
49
44
48
45
44
38
41
38
39
43
48
65
74
94
97
105
112
113
115
119
123
119
108
95
92
194
194
190
189
190
192
187
181
176
172
175
172
167
166
167
165
160
153
145
139
127
124
110
96
86
85
76
75
60
59
50
49
52
59
73
70
83
84
87
91
93
98
92
88
83
88
78
70
132
132
126
129
136
129
124
123
121
127
124
119
120
131
139
149
160
164
166
166
165
164
162
162
161
162
159
159
158
157
154
154
154
162
175
185
197
200
205
206
206
207
208
214
216
215
210
203
164
160
156
157
162
161
158
157
153
153
152
157
162
167
175
181
188
186
184
182
177
176
166
159
156
154
146
136
130
123
122
121
122
133
151
164
173
173
181
189
187
187
189
191
184
175
161
142
137
131
124
116
111
111
111
110
107
105
101
113
126
139
153
171
174
171
172
164
166
164
161
158
156
156
153
153
155
158
159
166
169
176
184
188
191
193
194
193
193
197
196
196
187
184
170
168
186
181
180
182
186
185
184
186
187
190
189
195
201
220
230
228
220
219
218
213
209
206
199
192
188
185
185
186
189
186
187
188
189
196
203
210
214
213
218
224
223
223
224
221
208
181
173
153
102
111
113
109
114
105
101
96
98
106
113
104
110
126
149
163
172
172
165
164
157
154
147
141
136
131
120
119
116
118
123
129
143
160
179
193
205
216
214
218
220
225
230
229
224
208
204
191
71
85
82
81
86
88
86
84
83
85
86
91
96
111
119
110
112
104
96
95
91
85
78
71
65
62
59
60
57
56
57
59
60
62
71
80
91
105
114
111
119
122
119
116
105
101
101
106
80
83
87
94
81
78
74
77
74
66
66
65
62
61
64
63
62
60
61
59
61
60
59
61
61
58
58
58
59
69
74
80
86
82
82
81
81
85
92
92
81
82
75
78
75
70
63
66
71
75
72
73
76
81
83
84
88
87
85
81
81
71
70
69
66
62
60
59
64
72
70
68
73
79
79
75
75
76
83
89
100
110
114
114
117
117
114
112
99
91
83
84
79
82
73
74
73
78
74
74
74
74
71
68
68
73
79
85
96
94
99
98
103
106
103
100
96
92
87
86
82
81
81
87
94
99
109
118
135
140
138
141
144
150
151
141
136
130
114
101
88
76
124
117
119
117
124
127
129
129
130
130
133
137
140
153
165
171
167
156
147
144
136
132
124
114
108
107
100
101
94
91
92
97
110
123
131
132
134
133
137
139
132
127
119
108
92
85
82
79
113
109
114
118
116
113
118
124
128
128
131
145
163
173
184
183
183
175
169
163
155
148
139
136
131
131
123
120
118
128
134
139
147
154
169
175
183
183
186
187
193
194
185
186
173
155
144
128
197
193
194
193
194
192
190
189
181
190
188
201
206
212
215
208
209
200
195
189
182
184
176
147
138
133
120
118
113
122
120
125
137
148
162
169
172
166
164
161
160
162
154
147
138
133
122
113
201
203
205
202
200
202
201
201
199
202
202
211
214
216
226
241
245
240
238
235
227
223
221
216
216
214
213
215
210
215
217
219
229
242
257
260
262
263
261
260
259
260
255
245
237
231
224
207
159
163
167
161
162
160
155
156
152
153
153
154
156
161
168
167
168
176
184
181
182
177
173
173
178
186
190
190
192
195
201
211
218
228
239
243
246
250
249
252
252
253
256
251
241
227
219
207
238
236
234
235
235
234
235
235
233
238
233
236
238
236
235
232
229
219
216
214
207
201
197
194
194
194
193
192
191
186
183
181
187
191
196
201
202
200
197
199
201
196
193
185
184
183
183
175
164
167
171
170
167
169
167
174
177
184
194
199
210
229
242
250
254
253
256
256
257
255
252
244
247
248
247
250
252
253
253
251
261
267
267
258
260
261
263
263
266
276
275
267
255
248
245
239
219
218
217
213
208
202
194
187
184
185
186
197
201
217
227
229
232
226
223
217
214
213
208
206
205
202
201
211
213
217
222
224
227
232
237
234
234
236
233
227
226
224
214
201
195
201
197
168
117
126
133
130
128
132
125
125
125
124
123
123
133
163
178
195
198
194
194
192
193
192
196
193
197
195
187
185
182
187
190
195
204
217
230
239
246
246
246
246
254
258
254
251
244
237
234
224
196
190
188
186
181
183
176
177
182
178
175
182
181
188
204
212
208
205
202
196
195
190
182
183
181
182
171
169
157
145
142
155
161
169
172
168
177
180
183
186
183
182
172
160
152
145
133
123
80
83
88
90
90
95
100
93
92
93
100
111
124
138
161
182
192
194
196
192
192
192
192
190
189
190
189
189
194
200
205
209
222
238
248
252
257
256
259
258
266
269
269
263
248
231
215
208
64
65
72
78
71
76
72
74
73
76
72
78
80
77
73
66
65
66
67
66
66
68
68
69
72
79
86
99
102
105
111
118
132
142
149
156
159
156
155
162
161
154
139
133
120
107
93
84
96
95
102
98
95
90
91
95
86
85
80
87
88
84
86
87
87
92
92
90
88
84
83
76
72
70
73
67
65
69
71
77
90
93
109
132
140
141
147
147
145
145
135
127
111
97
87
71
85
90
95
93
88
92
92
88
85
80
82
82
84
83
94
108
115
111
112
112
109
106
105
98
94
92
90
89
86
88
88
93
98
110
126
135
136
144
147
146
144
141
134
129
118
109
102
99
89
92
96
94
88
87
91
92
92
94
94
87
100
102
119
132
139
132
127
120
114
104
100
100
98
97
99
97
91
92
98
104
112
122
135
142
146
146
146
145
144
142
132
120
106
93
82
85
108
105
103
104
99
98
96
89
82
83
85
90
99
118
134
162
179
177
180
181
175
171
170
171
168
161
158
155
152
149
146
148
153
156
161
165
161
159
162
161
152
137
126
116
101
103
93
94
215
212
221
222
218
217
217
218
214
216
226
239
248
260
259
253
252
244
236
239
232
221
210
199
195
193
188
185
188
199
204
214
227
233
241
240
239
233
232
230
217
202
188
172
156
154
135
116
242
242
254
254
250
246
241
239
238
238
238
240
248
250
263
273
280
275
272
269
264
259
253
249
250
251
243
243
242
240
241
246
253
262
268
266
269
268
263
264
270
279
277
265
249
234
221
216
258
257
258
256
255
253
253
250
251
251
252
252
254
255
254
253
252
249
246
247
247
247
254
260
260
260
254
247
243
241
245
253
271
283
288
292
294
294
298
299
302
300
302
295
287
274
260
247
267
263
264
265
268
264
266
268
267
267
268
268
268
270
271
274
274
279
275
268
265
268
269
267
266
265
268
268
267
268
270
273
282
285
288
299
305
306
306
307
314
313
311
309
299
287
273
261
209
210
216
215
215
215
208
212
207
211
212
225
233
257
265
265
266
270
277
281
280
285
287
283
288
290
289
292
300
304
304
315
322
325
331
328
317
325
321
328
334
345
339
332
316
296
290
274
266
264
259
262
260
259
258
257
252
249
251
252
253
263
274
281
292
297
299
293
288
284
282
281
278
274
267
263
261
262
263
262
257
256
259
254
247
246
250
254
253
252
247
236
228
219
212
208
297
302
301
299
300
294
293
293
293
293
293
301
310
334
329
320
323
321
319
316
314
312
311
311
308
304
304
307
317
321
323
329
344
339
332
330
330
328
324
321
326
327
327
315
312
301
285
274
245
244
246
244
242
244
246
247
248
248
249
264
270
276
286
294
300
299
301
300
300
302
297
295
296
292
290
289
292
292
293
300
314
319
326
319
321
321
322
326
329
327
325
321
309
300
296
299
245
247
249
250
248
246
245
246
247
253
260
272
277
280
285
287
290
290
290
294
291
287
285
285
281
278
276
270
271
276
280
286
291
301
308
313
308
299
302
299
290
291
293
283
270
259
250
248
266
257
259
256
254
253
251
250
248
247
246
246
249
252
254
256
254
250
246
241
235
233
220
212
208
205
200
200
200
204
212
224
241
262
277
287
283
285
281
282
281
282
272
267
257
252
245
243
198
213
214
211
210
208
207
209
208
208
210
210
215
224
234
241
241
238
235
229
221
215
209
205
203
200
202
205
208
212
216
227
247
264
276
284
291
290
293
296
295
288
286
278
270
267
265
266
169
170
175
175
175
180
182
181
183
185
186
188
196
211
223
231
230
224
222
219
211
203
195
187
183
182
182
181
182
182
186
191
200
214
233
236
239
239
237
242
239
236
233
229
222
214
208
200
81
78
78
71
71
71
70
75
78
90
97
109
125
142
165
189
200
197
194
194
191
186
182
185
182
180
178
182
182
190
196
202
215
225
239
242
243
240
243
244
249
243
233
224
214
205
188
172
